-15.554688
13.390625
-12.187500
9.914062
7.371094
2.164062
13.257812
25.015625
12.218750
-24.812500
14.109375
-29.125000
-18.515625
-9.125000
-27.281250
12.445312
-20.031250
-18.015625
10.406250
-2.083984
4.550781
-2.708984
9.539062
-9.171875
19.937500
-2.812500
-0.735840
4.046875
-5.996094
35.125000
12.640625
1.380859
-16.343750
32.406250
-30.281250
-7.453125
-12.343750
-1.977539
27.046875
-0.156250
-12.890625
30.546875
11.500000
-17.250000
19.812500
14.468750
-15.859375
-2.865234
1.856445
8.859375
-18.234375
-3.273438
14.585938
63.562500
-16.703125
13.007812
-7.980469
27.453125
9.890625
-2.560547
1.974609
-37.437500
19.875000
