33.375000
-0.448242
4.593750
-28.687500
-10.140625
-13.898438
8.929688
18.750000
21.109375
4.835938
-30.562500
19.093750
-4.214844
5.847656
-26.265625
-34.156250
19.140625
3.517578
8.242188
-37.250000
11.570312
-25.765625
21.671875
-11.671875
-38.687500
-21.171875
21.671875
10.109375
-18.000000
-7.011719
-11.500000
-10.914062
-12.664062
-11.703125
5.355469
5.960938
-4.671875
-14.773438
13.625000
5.253906
0.123291
0.673340
-8.187500
2.511719
-10.132812
30.125000
-14.304688
-10.890625
-15.023438
-14.289062
31.687500
-25.593750
25.765625
12.367188
21.453125
6.585938
1.145508
-16.250000
33.718750
28.187500
50.687500
10.562500
3.673828
